772
0.10, 0.00; 0.10, 0.10; 0.10, 0.20; 0.10, 0.30; 0.10, 0.40; 0.10, 0.50; 0.10, 0.60; 0.10, 0.70; 0.20, 0.80; 0.20, 0.90; 0.30, 0.95; 0.40, 0.99
3824696
0.10, 0.00; 1.40, 0.10; 1.40, 0.20; 1.50, 0.30; 1.50, 0.40; 1.60, 0.50; 2.80, 0.60; 3.00, 0.70; 3.20, 0.80; 3.40, 0.90; 4.70, 0.95; 5.10, 0.99
711
0.10, 0.00; 0.10, 0.10; 0.10, 0.20; 0.10, 0.30; 0.10, 0.40; 0.10, 0.50; 0.10, 0.60; 0.10, 0.70; 0.10, 0.80; 0.20, 0.90; 0.20, 0.95; 0.20, 0.99
3721616
0.10, 0.00; 0.20, 0.10; 0.30, 0.20; 0.40, 0.30; 0.50, 0.40; 0.60, 0.50; 0.90, 0.60; 1.70, 0.70; 2.40, 0.80; 3.00, 0.90; 4.00, 0.95; 5.00, 0.99
736467
0.10, 0.00; 0.10, 0.10; 0.10, 0.20; 0.10, 0.30; 0.10, 0.40; 0.10, 0.50; 0.10, 0.60; 0.10, 0.70; 0.10, 0.80; 0.20, 0.90; 0.20, 0.95; 0.30, 0.99
4505653
0.00, 0.00; 0.10, 0.10; 0.10, 0.20; 0.10, 0.30; 0.10, 0.40; 0.10, 0.50; 0.10, 0.60; 0.20, 0.70; 0.20, 0.80; 0.20, 0.90; 0.30, 0.95; 0.40, 0.99
4505781
0.10, 0.00; 0.10, 0.10; 0.10, 0.20; 0.10, 0.30; 0.10, 0.40; 0.10, 0.50; 0.10, 0.60; 0.20, 0.70; 0.20, 0.80; 0.20, 0.90; 0.30, 0.95; 0.40, 0.99
2290583
0.00, 0.00; 0.10, 0.10; 0.10, 0.20; 0.10, 0.30; 0.10, 0.40; 0.10, 0.50; 0.10, 0.60; 0.20, 0.70; 0.20, 0.80; 0.20, 0.90; 0.30, 0.95; 0.40, 0.99
0.600, 0.999; 4.8021, 0.9999
6708142
0.10, 0.00; 0.10, 0.10; 0.10, 0.20; 0.10, 0.30; 0.10, 0.40; 0.10, 0.50; 0.10, 0.60; 0.20, 0.70; 0.20, 0.80; 0.20, 0.90; 0.30, 0.95; 0.40, 0.99
0.600, 0.999; 1.0004, 0.9999
3371657
0.10, 0.00; 1.90, 0.10; 1.90, 0.20; 2.00, 0.30; 2.00, 0.40; 2.00, 0.50; 2.10, 0.60; 3.80, 0.70; 3.90, 0.80; 4.00, 0.90; 4.10, 0.95; 5.70, 0.99
6.703, 0.999; 8.9039, 0.9999
920361
0.60, 0.00; 8.40, 0.10; 8.80, 0.20; 9.30, 0.30; 9.50, 0.40; 9.70, 0.50; 10.20, 0.60; 10.50, 0.70; 10.81, 0.80; 11.40, 0.90; 11.70, 0.95; 12.01, 0.99
12.605, 0.999; 13.8059, 0.9999
7819
0.10, 0.00; 0.50, 0.10; 0.80, 0.20; 0.90, 0.30; 1.10, 0.40; 1.30, 0.50; 1.50, 0.60; 1.70, 0.70; 1.90, 0.80; 2.60, 0.90; 4.20, 0.95; 6.20, 0.99
6.703, 0.999; 6.8029, 0.9999
49849
0.10, 0.00; 0.60, 0.10; 0.80, 0.20; 1.00, 0.30; 1.10, 0.40; 1.20, 0.50; 1.40, 0.60; 1.60, 0.70; 1.80, 0.80; 2.00, 0.90; 2.10, 0.95; 3.60, 0.99
6.803, 0.999; 7.0033, 0.9999
3358191
0.10, 0.00; 0.60, 0.10; 0.60, 0.20; 0.70, 0.30; 0.70, 0.40; 0.70, 0.50; 0.80, 0.60; 0.80, 0.70; 1.30, 0.80; 1.50, 0.90; 1.70, 0.95; 2.30, 0.99
3.302, 0.999; 4.5021, 0.9999
3358628
0.10, 0.00; 0.60, 0.10; 0.60, 0.20; 0.70, 0.30; 0.70, 0.40; 0.70, 0.50; 0.80, 0.60; 0.80, 0.70; 1.30, 0.80; 1.50, 0.90; 1.70, 0.95; 2.30, 0.99
3.301, 0.999; 4.4021, 0.9999
1138809
0.10, 0.00; 0.60, 0.10; 0.60, 0.20; 0.70, 0.30; 0.70, 0.40; 0.70, 0.50; 0.80, 0.60; 0.80, 0.70; 1.30, 0.80; 1.50, 0.90; 1.70, 0.95; 2.30, 0.99
3.201, 0.999; 4.1019, 0.9999
435595
0.10, 0.00; 0.60, 0.10; 0.60, 0.20; 0.70, 0.30; 0.70, 0.40; 0.70, 0.50; 0.80, 0.60; 0.80, 0.70; 1.20, 0.80; 1.50, 0.90; 1.70, 0.95; 2.30, 0.99
3.201, 0.999; 4.0019, 0.9999
6281121
0.10, 0.00; 0.60, 0.10; 0.60, 0.20; 0.70, 0.30; 0.70, 0.40; 0.70, 0.50; 0.80, 0.60; 0.80, 0.70; 1.30, 0.80; 1.50, 0.90; 1.70, 0.95; 2.30, 0.99
3.202, 0.999; 4.3020, 0.9999
16330
0.10, 0.00; 0.10, 0.10; 0.10, 0.20; 0.10, 0.30; 0.10, 0.40; 0.10, 0.50; 0.10, 0.60; 0.10, 0.70; 0.10, 0.80; 0.10, 0.90; 0.20, 0.95; 0.30, 0.99
0.900, 0.999; 1.4006, 0.9999
1890
0.10, 0.00; 0.10, 0.10; 0.10, 0.20; 0.10, 0.30; 0.10, 0.40; 0.10, 0.50; 0.10, 0.60; 0.10, 0.70; 0.10, 0.80; 0.10, 0.90; 0.10, 0.95; 0.20, 0.99
1.301, 0.999; 1.3005, 0.9999
42332
0.10, 0.00; 0.10, 0.10; 0.10, 0.20; 0.10, 0.30; 0.10, 0.40; 0.10, 0.50; 0.10, 0.60; 0.10, 0.70; 0.10, 0.80; 0.10, 0.90; 0.10, 0.95; 0.20, 0.99
21.910, 0.999; 25.2111, 0.9999
32051
0.10, 0.00; 0.10, 0.10; 0.10, 0.20; 0.10, 0.30; 0.10, 0.40; 0.10, 0.50; 0.10, 0.60; 0.10, 0.70; 0.10, 0.80; 0.10, 0.90; 0.20, 0.95; 0.20, 0.99
0.700, 0.999; 1.2005, 0.9999
2606684
0.10, 0.00; 0.70, 0.10; 0.80, 0.20; 0.90, 0.30; 0.90, 0.40; 1.00, 0.50; 1.60, 0.60; 1.80, 0.70; 1.90, 0.80; 2.10, 0.90; 2.90, 0.95; 3.40, 0.99
5.402, 0.999; 6.0028, 0.9999
2438212
0.10, 0.00; 0.60, 0.10; 0.70, 0.20; 0.70, 0.30; 0.80, 0.40; 1.50, 0.50; 1.80, 0.60; 1.90, 0.70; 2.00, 0.80; 3.80, 0.90; 4.10, 0.95; 5.90, 0.99
8.504, 0.999; 10.1045, 0.9999
19489
0.10, 0.00; 0.10, 0.10; 0.10, 0.20; 0.10, 0.30; 0.10, 0.40; 0.10, 0.50; 0.10, 0.60; 0.10, 0.70; 0.10, 0.80; 0.10, 0.90; 0.10, 0.95; 0.20, 0.99
0.600, 0.999; 1.0004, 0.9999
39955
0.10, 0.00; 0.10, 0.10; 0.10, 0.20; 0.10, 0.30; 0.10, 0.40; 0.10, 0.50; 0.10, 0.60; 0.10, 0.70; 0.10, 0.80; 0.10, 0.90; 0.10, 0.95; 0.20, 0.99
0.301, 0.999; 0.4003, 0.9999
893563
0.10, 0.00; 84.04, 0.10; 84.54, 0.20; 84.74, 0.30; 85.04, 0.40; 105.95, 0.50; 108.46, 0.60; 108.85, 0.70; 109.25, 0.80; 109.56, 0.90; 109.95, 0.95; 170.38, 0.99
170.785, 0.999; 196.6970, 0.9999
87486
0.10, 0.00; 0.10, 0.10; 0.10, 0.20; 0.10, 0.30; 0.10, 0.40; 0.10, 0.50; 0.20, 0.60; 0.20, 0.70; 0.20, 0.80; 0.30, 0.90; 0.40, 0.95; 0.60, 0.99
10.205, 0.999; 10.8052, 0.9999
887476
0.10, 0.00; 4.00, 0.10; 4.10, 0.20; 4.30, 0.30; 4.40, 0.40; 4.40, 0.50; 4.70, 0.60; 4.80, 0.70; 5.10, 0.80; 5.20, 0.90; 9.30, 0.95; 9.70, 0.99
9.806, 0.999; 9.9060, 0.9999
977870
0.00, 0.00; 2.40, 0.10; 2.50, 0.20; 2.50, 0.30; 2.60, 0.40; 2.60, 0.50; 2.60, 0.60; 2.70, 0.70; 2.70, 0.80; 2.80, 0.90; 8.20, 0.95; 16.71, 0.99
36.716, 0.999; 42.4180, 0.9999
2124538
0.10, 0.00; 2.50, 0.10; 2.70, 0.20; 5.20, 0.30; 5.30, 0.40; 5.30, 0.50; 5.40, 0.60; 5.50, 0.70; 5.60, 0.80; 5.70, 0.90; 11.20, 0.95; 22.51, 0.99
51.022, 0.999; 84.6360, 0.9999
1527623
0.10, 0.00; 5.30, 0.10; 5.40, 0.20; 5.40, 0.30; 5.40, 0.40; 5.50, 0.50; 5.50, 0.60; 5.50, 0.70; 5.50, 0.80; 5.60, 0.90; 17.01, 0.95; 45.12, 0.99
67.632, 0.999; 84.3370, 0.9999
37530
0.10, 0.00; 0.10, 0.10; 0.10, 0.20; 0.10, 0.30; 0.10, 0.40; 0.10, 0.50; 0.10, 0.60; 0.10, 0.70; 0.10, 0.80; 0.10, 0.90; 0.10, 0.95; 0.20, 0.99
0.301, 0.999; 0.4003, 0.9999
2549293
0.10, 0.00; 2.60, 0.10; 2.70, 0.20; 2.70, 0.30; 2.80, 0.40; 2.80, 0.50; 2.80, 0.60; 2.90, 0.70; 3.00, 0.80; 6.00, 0.90; 8.80, 0.95; 17.51, 0.99
20.709, 0.999; 20.9087, 0.9999
53576
0.10, 0.00; 0.10, 0.10; 0.10, 0.20; 0.10, 0.30; 0.10, 0.40; 0.10, 0.50; 0.10, 0.60; 0.10, 0.70; 0.10, 0.80; 0.10, 0.90; 0.10, 0.95; 0.20, 0.99
0.400, 0.999; 1.0004, 0.9999
2565776
0.10, 0.00; 2.70, 0.10; 2.70, 0.20; 2.70, 0.30; 2.70, 0.40; 2.80, 0.50; 2.80, 0.60; 2.80, 0.70; 5.70, 0.80; 8.70, 0.90; 11.70, 0.95; 17.51, 0.99
20.609, 0.999; 20.8090, 0.9999
11841595
0.00, 0.00; 2.70, 0.10; 2.70, 0.20; 2.70, 0.30; 2.70, 0.40; 2.80, 0.50; 2.80, 0.60; 2.90, 0.70; 5.70, 0.80; 8.60, 0.90; 11.60, 0.95; 17.51, 0.99
20.611, 0.999; 20.9020, 0.9999
3391944
0.40, 0.00; 2.60, 0.10; 2.70, 0.20; 2.70, 0.30; 2.70, 0.40; 2.80, 0.50; 2.80, 0.60; 2.80, 0.70; 5.70, 0.80; 8.60, 0.90; 11.60, 0.95; 17.51, 0.99
20.610, 0.999; 20.8095, 0.9999
2564557
0.10, 0.00; 2.60, 0.10; 2.70, 0.20; 2.70, 0.30; 2.70, 0.40; 2.80, 0.50; 2.80, 0.60; 2.90, 0.70; 5.60, 0.80; 8.70, 0.90; 11.60, 0.95; 17.51, 0.99
20.609, 0.999; 20.9087, 0.9999
2636271
0.10, 0.00; 0.50, 0.10; 0.60, 0.20; 0.70, 0.30; 0.70, 0.40; 0.80, 0.50; 1.00, 0.60; 2.80, 0.70; 3.70, 0.80; 5.10, 0.90; 6.90, 0.95; 11.70, 0.99
16.507, 0.999; 19.3080, 0.9999
1560072
0.10, 0.00; 0.10, 0.10; 0.10, 0.20; 0.10, 0.30; 0.10, 0.40; 0.10, 0.50; 0.10, 0.60; 0.20, 0.70; 0.20, 0.80; 0.30, 0.90; 0.30, 0.95; 0.50, 0.99
0.800, 0.999; 1.5006, 0.9999
1481614
0.10, 0.00; 0.10, 0.10; 0.10, 0.20; 0.10, 0.30; 0.10, 0.40; 0.10, 0.50; 0.10, 0.60; 0.20, 0.70; 0.20, 0.80; 0.20, 0.90; 0.30, 0.95; 0.50, 0.99
0.800, 0.999; 6.8028, 0.9999
531225
0.10, 0.00; 0.10, 0.10; 0.10, 0.20; 0.10, 0.30; 0.10, 0.40; 0.20, 0.50; 0.20, 0.60; 0.20, 0.70; 0.30, 0.80; 0.40, 0.90; 0.50, 0.95; 4.10, 0.99
7.403, 0.999; 11.5048, 0.9999
1760113
0.10, 0.00; 0.10, 0.10; 0.10, 0.20; 0.10, 0.30; 0.20, 0.40; 0.20, 0.50; 0.20, 0.60; 0.30, 0.70; 0.30, 0.80; 0.50, 0.90; 0.70, 0.95; 4.50, 0.99
8.103, 0.999; 11.4058, 0.9999
817155
0.10, 0.00; 16.41, 0.10; 16.81, 0.20; 17.51, 0.30; 34.01, 0.40; 35.51, 0.50; 36.32, 0.60; 37.02, 0.70; 56.62, 0.80; 75.63, 0.90; 109.65, 0.95; 152.36, 0.99
194.185, 0.999; 199.0846, 0.9999
1795930
0.10, 0.00; 16.51, 0.10; 16.91, 0.20; 17.61, 0.30; 34.21, 0.40; 35.71, 0.50; 36.32, 0.60; 37.02, 0.70; 57.33, 0.80; 76.03, 0.90; 111.15, 0.95; 152.86, 0.99
195.383, 0.999; 199.1863, 0.9999
8771
0.10, 0.00; 0.10, 0.10; 0.10, 0.20; 0.10, 0.30; 0.10, 0.40; 0.10, 0.50; 0.10, 0.60; 0.10, 0.70; 0.10, 0.80; 0.20, 0.90; 0.20, 0.95; 0.30, 0.99
0.500, 0.999; 1.2005, 0.9999
1220042
0.10, 0.00; 0.10, 0.10; 0.20, 0.20; 0.40, 0.30; 0.80, 0.40; 1.40, 0.50; 2.30, 0.60; 6.10, 0.70; 49.02, 0.80; 74.93, 0.90; 107.84, 0.95; 178.53, 0.99
195.086, 0.999; 199.4851, 0.9999
2349
0.10, 0.00; 0.10, 0.10; 0.10, 0.20; 0.10, 0.30; 0.10, 0.40; 0.10, 0.50; 0.10, 0.60; 0.10, 0.70; 0.10, 0.80; 0.10, 0.90; 0.20, 0.95; 0.20, 0.99
0.400, 0.999; 0.5002, 0.9999
366476
0.10, 0.00; 0.10, 0.10; 0.10, 0.20; 0.10, 0.30; 0.10, 0.40; 0.10, 0.50; 0.10, 0.60; 0.10, 0.70; 0.10, 0.80; 0.10, 0.90; 0.10, 0.95; 0.10, 0.99
1.600, 0.999; 1.7003, 0.9999
375602
0.10, 0.00; 0.10, 0.10; 0.10, 0.20; 0.10, 0.30; 0.10, 0.40; 0.10, 0.50; 0.10, 0.60; 0.10, 0.70; 0.10, 0.80; 0.10, 0.90; 0.10, 0.95; 0.10, 0.99
1.900, 0.999; 4.2005, 0.9999
741380
0.10, 0.00; 0.10, 0.10; 0.10, 0.20; 0.10, 0.30; 0.10, 0.40; 0.10, 0.50; 0.10, 0.60; 0.10, 0.70; 0.10, 0.80; 0.10, 0.90; 0.10, 0.95; 0.10, 0.99
0.500, 0.999; 9.8011, 0.9999
168867
0.10, 0.00; 0.10, 0.10; 0.10, 0.20; 0.10, 0.30; 0.10, 0.40; 0.10, 0.50; 0.10, 0.60; 0.10, 0.70; 0.10, 0.80; 0.10, 0.90; 0.10, 0.95; 0.10, 0.99
0.200, 0.999; 10.4014, 0.9999
256433
0.10, 0.00; 0.10, 0.10; 0.10, 0.20; 0.10, 0.30; 0.10, 0.40; 0.10, 0.50; 0.10, 0.60; 0.10, 0.70; 0.10, 0.80; 0.10, 0.90; 0.10, 0.95; 0.10, 0.99
0.100, 0.999; 0.2000, 0.9999
1978386
0.10, 0.00; 0.20, 0.10; 0.30, 0.20; 0.40, 0.30; 0.50, 0.40; 0.50, 0.50; 0.60, 0.60; 0.70, 0.70; 0.80, 0.80; 1.50, 0.90; 2.30, 0.95; 3.70, 0.99
6.101, 0.999; 8.5013, 0.9999
2147100
0.10, 0.00; 0.20, 0.10; 0.30, 0.20; 0.40, 0.30; 0.50, 0.40; 0.60, 0.50; 0.60, 0.60; 0.70, 0.70; 0.90, 0.80; 1.60, 0.90; 2.50, 0.95; 3.80, 0.99
6.301, 0.999; 10.7016, 0.9999
230923
0.10, 0.00; 0.20, 0.10; 0.30, 0.20; 0.40, 0.30; 0.50, 0.40; 0.50, 0.50; 0.60, 0.60; 0.70, 0.70; 0.80, 0.80; 1.40, 0.90; 2.30, 0.95; 3.70, 0.99
5.801, 0.999; 8.1012, 0.9999
427361
0.10, 0.00; 0.20, 0.10; 0.30, 0.20; 0.40, 0.30; 0.50, 0.40; 0.50, 0.50; 0.60, 0.60; 0.70, 0.70; 0.80, 0.80; 1.40, 0.90; 2.20, 0.95; 3.60, 0.99
5.701, 0.999; 8.4013, 0.9999
751873
0.10, 0.00; 0.10, 0.10; 0.10, 0.20; 0.10, 0.30; 0.10, 0.40; 0.10, 0.50; 0.10, 0.60; 0.10, 0.70; 0.10, 0.80; 0.10, 0.90; 0.10, 0.95; 0.10, 0.99
0.200, 0.999; 0.2001, 0.9999
110353
0.10, 0.00; 0.10, 0.10; 0.10, 0.20; 0.10, 0.30; 0.10, 0.40; 0.10, 0.50; 0.10, 0.60; 0.10, 0.70; 0.10, 0.80; 0.10, 0.90; 0.10, 0.95; 0.10, 0.99
0.200, 0.999; 0.2001, 0.9999
559841
0.10, 0.00; 0.10, 0.10; 0.10, 0.20; 0.10, 0.30; 0.10, 0.40; 0.10, 0.50; 0.10, 0.60; 0.10, 0.70; 0.10, 0.80; 0.10, 0.90; 0.10, 0.95; 0.10, 0.99
0.200, 0.999; 0.3225, 0.9999
